3.583465308601517379e-21
5.163791575582681004e-21
7.432726139373290339e-21
1.067789810270116098e-20
1.530026740414302307e-20
2.185996443194398937e-20
3.114111617693722409e-20
4.424243928990192472e-20
6.269869686608414053e-20
8.866642878012797245e-20
1.252398003382353355e-19
1.769282463259072023e-19
2.503385743666896990e-19
3.551334035813034486e-19
5.051818374457549738e-19
7.193127827544588265e-19
1.021498857778498417e-18
1.440814775529694387e-18
2.011372170076034700e-18
2.772287280510896045e-18
3.767660565071896171e-18
5.046504468503181638e-18
6.662530045048099763e-18
8.673686933401526363e-18
1.114134166916016624e-17
1.412897734293299310e-17
1.770030628472645220e-17
2.191671119242527125e-17
2.683397350430466655e-17
3.249831410534849580e-17
3.894186076728933301e-17
4.617776409614000694e-17
5.419529773488935625e-17
6.295538101848378001e-17
7.238703034631443259e-17
8.238525602748134261e-17
9.281085709558612248e-17
1.034924231716849994e-16
1.142306428622025925e-16
1.248047728867156692e-16
1.349808834303553755e-16
1.445213067695241358e-16
1.531946110403450421e-16
1.607854121556483686e-16
1.671034142993871352e-16
1.719912042357993947e-16
1.753304789109753200e-16
1.761465699275192520e-16
1.733927714124273353e-16
1.690579932920325170e-16
1.632450719936315308e-16
1.560977954080714255e-16
1.477952979297506043e-16
1.385448080883271148e-16
1.285730154522352819e-16
1.181164755599423976e-16
1.074116180288250204e-16
9.668502540857243127e-17
8.614467525422884356e-17
7.597276753884012094e-17
6.632059851259111649e-17
5.730571698790885567e-17
4.901135091104661940e-17
4.148786514197598667e-17
3.475584134252716561e-17
2.881027741485885198e-17
2.362538862591323615e-17
1.915954215183809652e-17
1.535994947698951974e-17
1.216685326989370351e-17
9.517056831831254103e-18
7.346741003905021320e-18
5.593588314514856736e-18
4.198285627927367795e-18
3.105506956090740735e-18
2.264491712492581692e-18
1.629335140986180407e-18
1.159100649422478946e-18
8.178501029520426678e-19
5.746665951055933304e-19
4.037090748309841211e-19
2.842762661708780805e-19
2.007417027632006044e-19
1.420370670061652227e-19
1.005693061020194623e-19
7.115622839791374908e-20
5.025257755600987792e-20
3.540457154195737039e-20
2.487809128951474067e-20
1.743145518113210830e-20
1.217790439062508275e-20
8.484361694101680303e-21
5.898023482360164066e-21
4.094291008245595970e-21
2.840224524366660806e-21
1.969524293463337431e-21
1.365309944804713170e-21
9.461938758647105969e-22
6.555761463779482216e-22
4.541226177770538899e-22
