2.723949213062420135e-21
3.767098829032069351e-21
5.205807034286034148e-21
7.184787562439796642e-21
9.898624012628750640e-21
1.360920197154560633e-20
1.866939009850954830e-20
2.555485544439151263e-20
3.490520498180197789e-20
4.758375137292114454e-20
6.477482610298881256e-20
8.812536572836622030e-20
1.199387450672307449e-19
1.634369450032457883e-19
2.231143892187229524e-19
3.052128284991246925e-19
4.183500686012531768e-19
5.743326774358220865e-19
7.891667826741851325e-19
1.084602840894744627e-18
1.494501493914366502e-18
2.069615971370981308e-18
2.877219329989503387e-18
4.001904131887571499e-18
5.547234926565868068e-18
7.638491769036853394e-18
1.042805263937131796e-17
1.410252644600627710e-17
1.888615589333994471e-17
2.503898884518521976e-17
3.285423928614066255e-17
4.267003447177736821e-17
5.488740402670336147e-17
6.990813273623445802e-17
8.803876650241296725e-17
1.093761948146248207e-16
1.337129577270792247e-16
1.605181956257036369e-16
1.889913686946732556e-16
2.181592173962163716e-16
2.469632956059680620e-16
2.743317555632034885e-16
2.992381307017879655e-16
3.207418593010906080e-16
3.380355255859462906e-16
3.504718775514937934e-16
3.575898240253680123e-16
3.588046824632447297e-16
3.537007462864830639e-16
3.431602504226655527e-16
3.275713408332915939e-16
3.075169637277677993e-16
2.837483641687194055e-16
2.571619235096965703e-16
2.287576676328513448e-16
1.995977308417962513e-16
1.707527767392379816e-16
1.432362400492610581e-16
1.179216530337720567e-16
9.544948488572784957e-17
7.614672678602778044e-17
6.001922229126093731e-17
4.682356073497453987e-17
3.618057171704980637e-17
2.767911544909506796e-17
2.095571699130975064e-17
1.570492781097963846e-17
1.165403697407714030e-17
8.565491056191789628e-18
6.238975809768707828e-18
4.510425358217324773e-18
3.245461336389000740e-18
2.333022661706459585e-18
1.681834383270475655e-18
1.218448848108585916e-18
8.861185929167144115e-19
6.448338305337922672e-19
4.695080166672283977e-19
3.423169110879819341e-19
2.500502166172717961e-19
1.830322515972538545e-19
1.342370429309994289e-19
9.859558815855635500e-20
7.246872565326989742e-20
5.325283598638599826e-20
3.908731060856105237e-20
2.863807456244208331e-20
2.093831557059662120e-20
1.527548753016106569e-20
1.111948372236793187e-20
8.076837283724181729e-21
5.855624140089221990e-21
4.239038006058994253e-21
3.065876744606514384e-21
2.216287753733537686e-21
1.601613412758321954e-21
1.157089385817489816e-21
8.357296801896164800e-22
6.034815633245730293e-22
4.356810442846052402e-22
