6.416126146829461521e-21
8.873176551712831538e-21
1.226179256527923216e-20
1.692266422762225094e-20
2.331390985271460980e-20
3.205214676345658613e-20
4.396827637763642645e-20
6.018239198908762470e-20
8.220058974405030369e-20
1.120563923662671572e-19
1.525405843412682157e-19
2.075346817024358911e-19
2.824672098906829745e-19
3.849279382457418431e-19
5.253816976038805970e-19
7.176330458235568048e-19
9.789484506844580190e-19
1.330043440526557047e-18
1.795053475306647000e-18
2.401518523742045171e-18
3.180363868087476661e-18
4.165833086675356914e-18
5.395313165056475562e-18
6.908981538763275732e-18
8.749199177142461941e-18
1.095957332033379772e-17
1.358362032279561327e-17
1.666297614293867248e-17
2.023513226716791165e-17
2.433072021525326020e-17
2.897042802047050267e-17
3.416170359166434876e-17
3.989547474553671250e-17
4.614318175983594957e-17
5.285446043986041876e-17
5.995581686149022041e-17
6.735058835875138566e-17
7.492038678180705114e-17
8.252807889320990269e-17
9.002219570202077274e-17
9.724250573059204799e-17
1.040263653403834349e-16
1.102153935950334746e-16
1.156620176005815370e-16
1.202354894558827034e-16
1.238270681566245146e-16
1.263541635430711466e-16
1.269992093434407933e-16
1.248750570602175862e-16
1.216634422466612994e-16
1.174366146980484601e-16
1.122942034180972304e-16
1.063594827633808964e-16
9.977455070970801833e-17
9.269458627245009000e-17
8.528145489788894380e-17
7.769703006766554519e-17
7.009667079928826900e-17
6.262331548177060732e-17
5.540261010819638029e-17
4.853938573889764364e-17
4.211565286472147106e-17
3.619011609381532130e-17
3.079906052650620376e-17
2.595834538470659215e-17
2.166617461400095226e-17
1.790630008906918935e-17
1.465134260589144943e-17
1.186597501263452081e-17
9.509785108346111474e-18
7.539709832608832488e-18
5.911997255381105278e-18
4.583703841841319571e-18
3.513770085302043930e-18
2.663739175135538580e-18
1.998193587150538622e-18
1.484986359224170204e-18
1.095339842241724730e-18
8.038762224494675236e-19
5.886305829806815528e-19
4.310753865360435586e-19
3.161471200302988889e-19
2.321952145885797376e-19
1.706603225185115936e-19
1.254065077531673575e-19
9.204863128812173432e-20
6.744277389094390858e-20
4.931124706264663608e-20
3.597608108490865400e-20
2.618901584145155607e-20
1.902353117488352359e-20
1.379226408464452857e-20
9.984762697137734653e-21
7.221514772648174950e-21
5.220355727217418354e-21
3.772520845781789683e-21
2.725466578439953051e-21
1.968519752831209442e-21
1.421470848689350481e-21
1.026225060326830470e-21
