1.813162440084889290e-21
2.722391012986907172e-21
4.080950907206098120e-21
6.100422607548277272e-21
9.086623166193346120e-21
1.348310899521008187e-20
1.993520578888486060e-20
2.938309816059258958e-20
4.319128571279987394e-20
6.335542311548189350e-20
9.286918920856162925e-20
1.363016574730916238e-19
2.006569107554923847e-19
2.966331971395841502e-19
4.401833356939802286e-19
6.535452958211834619e-19
9.654804557295505421e-19
1.411194328808672727e-18
2.032224530206734219e-18
2.876380935166296689e-18
3.997717315940274062e-18
5.456455729123295192e-18
7.318750777465394656e-18
9.656159324787523388e-18
1.254466837035008771e-17
1.606313033640426614e-17
2.029096481843680429e-17
2.530501451802006870e-17
3.117549659228203148e-17
3.796107342747044936e-17
4.570317938108597815e-17
5.441987643189017575e-17
6.409965769265075023e-17
7.469575049663663913e-17
8.612156108615617557e-17
9.824792085942696489e-17
1.109027170797282675e-16
1.238733123930474705e-16
1.369118931029407319e-16
1.497435741279187222e-16
1.620767826373847862e-16
1.736151984928379769e-16
1.840703906083921902e-16
1.931742717406427501e-16
2.006905881299001138e-16
2.064248286923111472e-16
2.102321331442972406e-16
2.111214313119086262e-16
2.080418852675869982e-16
2.029961275828865297e-16
1.961093875396323546e-16
1.875588778813456313e-16
1.775666849003723152e-16
1.663905500692020365e-16
1.543128954582918079e-16
1.416286377550151582e-16
1.286325193056325730e-16
1.156068107513757650e-16
1.028102663711148645e-16
9.046911837802609243e-17
7.877068695065149765e-17
6.785989336129946485e-17
5.783864709148779211e-17
4.876779059486153097e-17
4.067107245027144224e-17
3.354050526496788892e-17
2.734244993879986635e-17
2.202383510327977563e-17
1.751804140639327742e-17
1.375012456037241419e-17
1.064119309213990937e-17
8.111879063166437884e-18
6.084933876243278008e-18
4.487045107109011968e-18
3.250007370158753790e-18
2.311396199006757455e-18
1.614894733756664897e-18
1.110413291015283913e-18
7.541236756041114864e-19
5.085013808427134449e-19
3.424214482118062959e-19
2.312693682992023185e-19
1.568698802190102752e-19
1.067841300333247837e-19
7.283195489282671823e-20
4.967435848751304064e-20
3.382306025559358997e-20
2.297116255320758716e-20
1.555503247841711918e-20
1.049711818710787784e-20
7.057184187521884169e-21
4.726865652333082347e-21
3.156095866591656278e-21
2.102967885877662866e-21
1.399917009943278706e-21
9.314697951301673214e-22
6.195380198100438739e-22
4.119288477787698933e-22
2.738110467576225426e-22
1.819579952288077469e-22
