8.198015417515737263e-22
1.181346861728004267e-21
1.700464113430487315e-21
2.442997399122675011e-21
3.500726949286246300e-21
5.001853547548945323e-21
7.125827709631567550e-21
1.012408503719901036e-20
1.434786237318002551e-20
2.029048561637130113e-20
2.865943426018601959e-20
4.048562309506417506e-20
5.727953925424453647e-20
8.125177819831330109e-20
1.156236451985278911e-19
1.650615930414423687e-19
2.362759261094679511e-19
3.388256621931919449e-19
4.861591789242718678e-19
6.972961891433196312e-19
1.004145170424207941e-18
1.457296128967336630e-18
2.126076718620518332e-18
3.100104716477199607e-18
4.492098040020452517e-18
6.442416758966588640e-18
9.127643077220584505e-18
1.277234046156512715e-17
1.765660426304611573e-17
2.411723807408822286e-17
3.254880112748873071e-17
4.342762074001992060e-17
5.734706880192433620e-17
7.493228195656341060e-17
9.669966560454890138e-17
1.228807364713896247e-16
1.532694181772784827e-16
1.871849349463335613e-16
2.235496184482176353e-16
2.610367337784216171e-16
2.982023358836891032e-16
3.335903414499616957e-16
3.658154402074311514e-16
3.936149736933328100e-16
4.159132440637909170e-16
4.318528501881078627e-16
4.408268767006138429e-16
4.422911501333049446e-16
4.359547171856747757e-16
4.224980957279037102e-16
4.024306173723208911e-16
3.765232033696742992e-16
3.457741487132621445e-16
3.113835698837307194e-16
2.746984247048649923e-16
2.371586309280933189e-16
2.002230371449140815e-16
1.652746445228301409e-16
1.334970404961899007e-16
1.057329555427570397e-16
8.236317903354458018e-17
6.330204853792303019e-17
4.811612964348987546e-17
3.620181456754595393e-17
2.694016636702004042e-17
1.980958854800798848e-17
1.439276190805714546e-17
1.033160969657444992e-17
7.325489750851023797e-18
5.129988412809380334e-18
3.552396474546568427e-18
2.440390577247901201e-18
1.671858347661725308e-18
1.149154042756621923e-18
7.957982886528494185e-19
5.544640671069222017e-19
3.864925578768901934e-19
2.694172404286810071e-19
1.880670974911418759e-19
1.315984254075383562e-19
9.236772097875540581e-20
6.504280382726229209e-20
4.593360704414704020e-20
3.250278328130350993e-20
2.301427966258084008e-20
1.628337554447598290e-20
1.149952576225061202e-20
8.101521628168125574e-21
5.692540943889590782e-21
3.988422301039503782e-21
2.786233683164222671e-21
1.941083978939313849e-21
1.349329897662822167e-21
9.366659673301923006e-22
6.497676431888869171e-22
4.505746456267347753e-22
3.123465126444000409e-22
2.164639308293789639e-22
1.499783429627193531e-22
1.038911468975178068e-22
