5.121646288337826900e-21
6.892249993046100101e-21
9.269374399804786614e-21
1.245427361324919955e-20
1.671114498172558956e-20
2.238691702086032388e-20
2.993740724294237714e-20
3.996152819602175939e-20
5.324444517872291565e-20
7.081830752756547708e-20
9.405790519405419628e-20
1.248158627988748853e-19
1.656023523956075609e-19
2.198209851974551074e-19
2.920778869329550334e-19
3.885847139502577164e-19
5.176774723779797001e-19
6.904689447993480136e-19
9.216381818736634794e-19
1.230591438327294055e-18
1.646076204547093129e-18
2.209519749268842323e-18
2.974549560798744052e-18
4.007304332541657411e-18
5.387253595388591693e-18
7.208626081239626151e-18
9.583383556128065607e-18
1.264505496174234251e-17
1.654986327151139706e-17
2.147422157572173255e-17
2.761141051961904425e-17
3.517661050811502134e-17
4.441523906035279754e-17
5.556276518217796438e-17
6.878522177763759342e-17
8.411069972810260648e-17
1.013744891854770562e-16
1.202097564360250908e-16
1.400811560588029829e-16
1.603436496674790966e-16
1.802962763011986712e-16
1.992273122851820090e-16
2.164522925450737404e-16
2.313418504709270247e-16
2.433530204206101810e-16
2.520487726592931025e-16
2.571161838597594162e-16
2.580219769742553556e-16
2.543286315748859868e-16
2.469263240448516258e-16
2.360791785504097918e-16
2.221813407822562645e-16
2.057388779437784811e-16
1.873526428764482399e-16
1.676903301667694198e-16
1.474581468584835673e-16
1.273656714701731270e-16
1.080840000791379025e-16
9.019460986725779666e-17
7.413259292675183194e-17
6.013755598861294643e-17
4.824704352819311706e-17
3.833746115565036104e-17
3.019126137357097299e-17
2.356044204926347388e-17
1.821701722131821529e-17
1.396196643863508518e-17
1.061216323898203778e-17
8.003688164511833934e-18
5.994611193997635701e-18
4.465512594134703168e-18
3.316133012274419624e-18
2.461847328047738143e-18
1.831775433093837157e-18
1.367794021454904065e-18
1.024022199868585910e-18
7.670750289422430364e-19
5.749177343740740163e-19
4.313517382945792124e-19
3.240623571566634120e-19
2.437842943779265661e-19
1.835983135673571737e-19
1.383653291844783760e-19
1.042836388730363481e-19
7.854814135425433698e-20
5.908997244646650607e-20
4.437797638360571388e-20
3.326823227840472049e-20
2.489416397857584661e-20
1.859448743576241912e-20
1.386565196976624441e-20
1.032445095426164310e-20
7.679122412703306725e-21
5.707417376989968156e-21
4.240135650114086880e-21
3.149066197368547340e-21
2.338068541439225699e-21
1.735454021438595334e-21
1.287816098593402483e-21
9.553915091578063247e-22
