2.208118932309888851e-22
3.315442930330712353e-22
4.970145796200901128e-22
7.430092805260127492e-22
1.106795527820267111e-21
1.642417799973223893e-21
2.428495041610170266e-21
3.579563575471477135e-21
5.261860928520118053e-21
7.718392715122798060e-21
1.131349375732475990e-20
1.660314766636413933e-20
2.443972784639119618e-20
3.612629774479939950e-20
5.364306488339591351e-20
7.997701243825693385e-20
1.195941037520525601e-19
1.790985795839318191e-19
2.681177620517545365e-19
4.008130291879631043e-19
6.028133213430268745e-19
9.169828115211453608e-19
1.403941754669548434e-18
2.144166268910648375e-18
3.241579017625256892e-18
4.829311771066454428e-18
7.080443876108465560e-18
1.022315781232983362e-17
1.455213569408394634e-17
2.043367569075587428e-17
2.831187351869244835e-17
3.874489708230658305e-17
5.245767573545174248e-17
7.024530193682162688e-17
9.280280749643672676e-17
1.205006808130887578e-16
1.531815035239586688e-16
1.901027357066087928e-16
2.300300089777487395e-16
2.714249878777551854e-16
3.126120064345850693e-16
3.519080677134480963e-16
3.877223189316804289e-16
4.186122259995582140e-16
4.433583104016481144e-16
4.609938892867798237e-16
4.708385172426332871e-16
4.724062703792666723e-16
4.655114880289603000e-16
4.506531827504162573e-16
4.284009716824032013e-16
3.996227907798239256e-16
3.654474569717401985e-16
3.272423280760442225e-16
2.865512403179110095e-16
2.450351780501086167e-16
2.043851772159961060e-16
1.662065540737265972e-16
1.318635633597093526e-16
1.022999758582568490e-16
7.788754431409544446e-17
5.842950903816475977e-17
4.332201758566312159e-17
3.178402479894664324e-17
2.304857908605211399e-17
1.649464282109670111e-17
1.164614227690092240e-17
8.108784744216482140e-18
5.562425758197669102e-18
3.755462746862149222e-18
2.496542083030909462e-18
1.639526430862777717e-18
1.070704599920806492e-18
7.015537842364652898e-19
4.645327559579314114e-19
3.104534082845022475e-19
2.075076217283822268e-19
1.385507133534740832e-19
9.258658003022868602e-20
6.202395244475468877e-20
4.170498005881620269e-20
2.816710724742898484e-20
1.910788181614270941e-20
1.300830086524608156e-20
8.872800683295783209e-21
6.051696945382938620e-21
4.120501088154164472e-21
2.798375428345015565e-21
1.894844967437809349e-21
1.278632987253659913e-21
8.595611597587850623e-22
5.756915144593930008e-22
3.843668591014017323e-22
2.561057027198609512e-22
1.704856511925964402e-22
1.134368919690681209e-22
7.544900307418332409e-23
5.016580083021983121e-23
3.334544427710860510e-23
2.215933310162244735e-23
