8.308499220973386948e-21
1.118080027665716775e-20
1.503689609233441519e-20
2.020312646366224732e-20
2.710790950917207815e-20
3.631385048776514397e-20
4.856018025067360978e-20
6.481822447032761656e-20
8.636135124690812474e-20
1.148639278970840573e-19
1.525569147211729919e-19
2.024471616980876192e-19
2.686087523682457791e-19
3.565637512838398471e-19
4.737148768035603899e-19
6.296267258870334858e-19
8.361043307094100673e-19
1.107191349068807898e-18
1.459156407404706374e-18
1.910483145587413721e-18
2.481851040673157808e-18
3.196078026289049124e-18
4.077986202977040245e-18
5.154145829741824135e-18
6.452449571342948762e-18
8.001469210591475238e-18
9.829552110919185806e-18
1.196362645672452537e-17
1.442770447628787734e-17
1.724110256002505125e-17
2.041643609172677659e-17
2.395749239862917698e-17
2.785713229163642169e-17
3.209541136794564515e-17
3.663813703633775711e-17
4.143607676384448690e-17
4.642500086294990549e-17
5.152667833895115340e-17
5.665085328684179145e-17
6.169812553243705964e-17
6.656356062165017929e-17
7.114077889499199699e-17
7.532623435865324492e-17
7.902339589110273182e-17
8.214658084717847135e-17
8.462425146838915894e-17
8.640165130307919111e-17
8.686773675999418259e-17
8.535561188877620766e-17
8.312782709215414535e-17
8.023250662352289387e-17
7.673533886401805201e-17
7.271719910368469014e-17
6.827108288313189404e-17
6.349844980759447531e-17
5.850514295571496100e-17
5.339711362782814841e-17
4.827622880299733953e-17
4.323645458861468770e-17
3.836068480887195335e-17
3.371842063604195434e-17
2.936441511308123660e-17
2.533829232587135048e-17
2.166505342420765936e-17
1.835630618756972703e-17
1.541201050225556864e-17
1.282252060147785520e-17
1.057072149556381741e-17
8.634093065139122768e-18
6.986581063919389529e-18
5.600201155257833237e-18
4.446343874037420156e-18
3.496781604439472630e-18
2.724402247305999546e-18
2.103708883231048568e-18
1.611132023788628320e-18
1.225202849774830356e-18
9.266337601638977136e-19
6.983475085867954351e-19
5.254879911037918749e-19
3.954324855392195358e-19
2.978022034225693927e-19
2.244258076167407333e-19
1.691429506271771031e-19
1.274009693678528678e-19
9.584200187536258100e-20
7.198114319614397390e-20
5.396245324342584427e-20
4.038045085929950126e-20
3.016267261605758724e-20
2.249245990397396287e-20
1.674836274765359590e-20
1.245725551677995498e-20
9.258752229600319554e-21
6.878484951727508553e-21
5.108516858081328652e-21
3.792890276066067370e-21
2.815309545255033431e-21
2.089136854085052822e-21
1.549866952260502404e-21
